0000000000000000
0000000000000000
0110000000000000
0110000000000000
0000000000000000
0000000000000000

0000000000000000
0000000000000000
0000110000000000
0000110000000000
0000000000000000
0000000000000000

0000000000000000
0000000000000000
0000000110000000
0000000110000000
0000000000000000
0000000000000000

0000000000000000
0000000000000000
0000000000110000
0000000000110000
0000000000000000
0000000000000000

0000000000000000
0000000000000000
0000000000000110
0000000000000110
0000000000000000
0000000000000000

